; ' ** PLACCHETTE  PER SECUR BLOCK
; ' ** VERSIONE DEL 15.02.2011


SPESSORE=02

; DUE FORI  
; CODICE,BASE,ALTZ,XF1,YF1,XF2,YF2,DIAF

; PLACCHETTE 15x
030015,15,20,2.25,6.5,10.50,6.5,1
030016,15,25,2.25,6.5,10.50,6.5,1
030017,15,30,2.25,6.5,10.50,6.5,1
030018,15,35,2.25,6.5,10.50,6.5,1
030019,15,40,2.25,6.5,10.50,6.5,1

; PLACCHETTE 20x
030020,20,20,2.25,6.5,15.50,6.5,1
030021,20,25,2.25,6.5,15.50,6.5,1
030022,20,30,2.25,6.5,15.50,6.5,1
030023,20,35,2.25,6.5,15.50,6.5,1
030024,20,40,2.25,6.5,15.50,6.5,1

; PLACCHETTE 25x
030025,25,20,2.25,6.5,20.50,6.5,1
030026,25,25,2.25,6.5,20.50,6.5,1
030027,25,30,2.25,6.5,20.50,6.5,1
030028,25,35,2.25,6.5,20.50,6.5,1
030029,25,40,2.25,6.5,20.50,6.5,1

; PLACCHETTE 30x
030030,30,20,2.25,6.5,25.50,6.5,1

030531,26,25,2.25,6.5,25.50,6.5,1
030532,27,25,2.25,6.5,25.50,6.5,1
030533,28,25,2.25,6.5,25.50,6.5,1
030534,29,25,2.25,6.5,25.50,6.5,1
030535,30,25,2.25,6.5,25.50,6.5,1
030536,31,25,2.25,6.5,25.50,6.5,1
030537,32,25,2.25,6.5,25.50,6.5,1
030538,33,25,2.25,6.5,25.50,6.5,1
030539,34,25,2.25,6.5,25.50,6.5,1

030032,30,30,2.25,6.5,25.50,6.5,1
030033,30,35,2.25,6.5,25.50,6.5,1
030034,30,40,2.25,6.5,25.50,6.5,1



; PLACCHETTE 35x
030035,35,20,2.25,6.5,30.50,6.5,1
030036,35,25,2.25,6.5,30.50,6.5,1
030037,35,30,2.25,6.5,30.50,6.5,1
030038,35,35,2.25,6.5,30.50,6.5,1
030039,35,40,2.25,6.5,30.50,6.5,1

; PLACCHETTE 40x
030040,40,20,2.25,6.5,35.50,6.5,1
030041,40,25,2.25,6.5,35.50,6.5,1
030042,40,30,2.25,6.5,35.50,6.5,1
030043,40,35,2.25,6.5,35.50,6.5,1
030044,40,40,2.25,6.5,35.50,6.5,1

; PLACCHETTE 50x
030050,50,20,2.25,6.5,45.50,6.5,1
030051,50,25,2.25,6.5,45.50,6.5,1
030052,50,30,2.25,6.5,45.50,6.5,1
030053,50,35,2.25,6.5,45.50,6.5,1
030054,50,40,2.25,6.5,45.50,6.5,1

; PLACCHETTE 60x
030060,60,20,2.25,6.5,55.50,6.5,1
030061,60,25,2.25,6.5,55.50,6.5,1
030062,60,30,2.25,6.5,55.50,6.5,1
030063,60,35,2.25,6.5,55.50,6.5,1
030064,60,40,2.25,6.5,55.50,6.5,1

; PLACCHETTE 80x
030080,80,20,2.25,6.5,75.50,6.5,1
030081,80,25,2.25,6.5,75.50,6.5,1
030082,80,30,2.25,6.5,75.50,6.5,1
030083,80,35,2.25,6.5,75.50,6.5,1
030084,80,40,2.25,6.5,75.50,6.5,1

; PLACCHETTE 100x
030100,100,20,2.25,6.5,95.50,6.5,1
030101,100,25,2.25,6.5,95.50,6.5,1
030102,100,30,2.25,6.5,95.50,6.5,1
030103,100,35,2.25,6.5,95.50,6.5,1
030104,100,40,2.25,6.5,95.50,6.5,1

